[loci]=1983 

[populations]=1 

[pop]=1 
1 334 2 16 318 
2 304 2 28 276 
3 372 2 69 303 
4 358 2 28 330 
5 358 2 47 311 
6 376 2 69 307 
7 380 2 45 335 
8 372 2 31 341 
9 374 2 26 348 
10 356 2 38 318 
11 356 2 24 332 
12 318 2 12 306 
13 316 2 11 305 
14 336 2 26 310 
15 374 2 24 350 
16 346 2 25 321 
17 308 2 38 270 
18 364 2 129 235 
19 368 2 37 331 
20 380 2 28 352 
21 376 2 40 336 
22 326 2 59 267 
23 344 2 28 316 
24 330 2 131 199 
25 332 2 70 262 
26 380 2 126 254 
27 360 2 43 317 
28 352 2 39 313 
29 340 2 62 278 
30 366 2 30 336 
31 332 2 59 273 
32 334 2 20 314 
33 318 2 55 263 
34 360 2 23 337 
35 366 2 55 311 
36 364 2 24 340 
37 356 2 26 330 
38 368 2 21 347 
39 302 2 17 285 
40 356 2 72 284 
41 308 2 12 296 
42 382 2 30 352 
43 360 2 27 333 
44 344 2 19 325 
45 344 2 30 314 
46 364 2 188 176 
47 374 2 138 236 
48 372 2 30 342 
49 360 2 83 277 
50 382 2 10 372 
51 356 2 30 326 
52 334 2 61 273 
53 310 2 39 271 
54 344 2 62 282 
55 342 2 26 316 
56 372 2 25 347 
57 336 2 30 306 
58 364 2 64 300 
59 364 2 33 331 
60 352 2 82 270 
61 360 2 97 263 
62 368 2 24 344 
63 334 2 19 315 
64 358 2 20 338 
65 372 2 64 308 
66 362 2 46 316 
67 342 2 41 301 
68 372 2 115 257 
69 376 2 28 348 
70 342 2 19 323 
71 340 2 69 271 
72 348 2 143 205 
73 360 2 19 341 
74 366 2 50 316 
75 368 2 30 338 
76 346 2 95 251 
77 374 2 22 352 
78 356 2 41 315 
79 340 2 52 288 
80 356 2 53 303 
81 362 2 39 323 
82 376 2 29 347 
83 362 2 11 351 
84 364 2 44 320 
85 336 2 60 276 
86 366 2 77 289 
87 372 2 92 280 
88 378 2 27 351 
89 382 2 59 323 
90 374 2 68 306 
91 338 2 28 310 
92 352 2 28 324 
93 364 2 25 339 
94 328 2 21 307 
95 380 2 23 357 
96 358 2 102 256 
97 366 2 28 338 
98 374 2 25 349 
99 324 2 55 269 
100 370 2 31 339 
101 316 2 19 297 
102 346 2 25 321 
103 364 2 47 317 
104 370 2 26 344 
105 368 2 69 299 
106 378 2 38 340 
107 380 2 22 358 
108 356 2 54 302 
109 368 2 38 330 
110 338 2 121 217 
111 330 2 72 258 
112 364 2 32 332 
113 362 2 19 343 
114 322 2 28 294 
115 380 2 28 352 
116 292 2 117 175 
117 334 2 13 321 
118 350 2 61 289 
119 342 2 21 321 
120 346 2 17 329 
121 346 2 18 328 
122 348 2 100 248 
123 358 2 153 205 
124 370 2 20 350 
125 372 2 45 327 
126 370 2 90 280 
127 348 2 14 334 
128 340 2 36 304 
129 360 2 137 223 
130 364 2 75 289 
131 380 2 19 361 
132 380 2 19 361 
133 338 2 17 321 
134 380 2 27 353 
135 308 2 21 287 
136 378 2 21 357 
137 366 2 88 278 
138 364 2 38 326 
139 380 2 36 344 
140 372 2 16 356 
141 348 2 83 265 
142 356 2 24 332 
143 378 2 162 216 
144 378 2 205 173 
145 306 2 40 266 
146 374 2 75 299 
147 372 2 105 267 
148 348 2 76 272 
149 382 2 58 324 
150 340 2 74 266 
151 338 2 71 267 
152 332 2 11 321 
153 344 2 31 313 
154 344 2 32 312 
155 356 2 33 323 
156 354 2 114 240 
157 328 2 70 258 
158 378 2 131 247 
159 356 2 30 326 
160 356 2 167 189 
161 380 2 18 362 
162 370 2 140 230 
163 358 2 47 311 
164 372 2 143 229 
165 322 2 33 289 
166 360 2 64 296 
167 314 2 32 282 
168 322 2 44 278 
169 384 2 38 346 
170 382 2 108 274 
171 340 2 23 317 
172 372 2 69 303 
173 320 2 13 307 
174 306 2 88 218 
175 310 2 45 265 
176 362 2 91 271 
177 372 2 133 239 
178 368 2 18 350 
179 376 2 142 234 
180 362 2 29 333 
181 368 2 36 332 
182 374 2 18 356 
183 378 2 21 357 
184 366 2 20 346 
185 382 2 20 362 
186 370 2 135 235 
187 366 2 50 316 
188 288 2 28 260 
189 316 2 28 288 
190 384 2 20 364 
191 342 2 132 210 
192 342 2 160 182 
193 366 2 32 334 
194 298 2 16 282 
195 344 2 23 321 
196 344 2 29 315 
197 350 2 146 204 
198 376 2 32 344 
199 330 2 27 303 
200 314 2 21 293 
201 366 2 39 327 
202 320 2 92 228 
203 336 2 52 284 
204 330 2 48 282 
205 356 2 22 334 
206 372 2 61 311 
207 332 2 21 311 
208 364 2 27 337 
209 334 2 80 254 
210 370 2 29 341 
211 284 2 15 269 
212 366 2 39 327 
213 338 2 55 283 
214 378 2 112 266 
215 310 2 29 281 
216 358 2 25 333 
217 356 2 21 335 
218 374 2 34 340 
219 374 2 34 340 
220 348 2 14 334 
221 376 2 22 354 
222 374 2 76 298 
223 378 2 19 359 
224 360 2 27 333 
225 320 2 36 284 
226 332 2 127 205 
227 328 2 28 300 
228 378 2 27 351 
229 350 2 15 335 
230 322 2 7 315 
231 364 2 38 326 
232 362 2 38 324 
233 378 2 47 331 
234 340 2 54 286 
235 354 2 10 344 
236 338 2 46 292 
237 338 2 161 177 
238 336 2 163 173 
239 378 2 29 349 
240 366 2 28 338 
241 368 2 21 347 
242 376 2 51 325 
243 346 2 36 310 
244 360 2 28 332 
245 296 2 18 278 
246 316 2 21 295 
247 356 2 31 325 
248 356 2 129 227 
249 384 2 37 347 
250 368 2 57 311 
251 372 2 51 321 
252 340 2 22 318 
253 352 2 58 294 
254 360 2 21 339 
255 378 2 24 354 
256 330 2 70 260 
257 306 2 26 280 
258 382 2 64 318 
259 372 2 12 360 
260 384 2 25 359 
261 378 2 19 359 
262 374 2 15 359 
263 340 2 52 288 
264 322 2 31 291 
265 360 2 145 215 
266 358 2 27 331 
267 376 2 68 308 
268 356 2 23 333 
269 358 2 35 323 
270 356 2 29 327 
271 362 2 24 338 
272 372 2 46 326 
273 384 2 43 341 
274 326 2 101 225 
275 324 2 23 301 
276 334 2 104 230 
277 354 2 21 333 
278 334 2 119 215 
279 356 2 25 331 
280 362 2 39 323 
281 352 2 27 325 
282 350 2 39 311 
283 326 2 159 167 
284 376 2 54 322 
285 300 2 21 279 
286 378 2 68 310 
287 380 2 29 351 
288 370 2 124 246 
289 376 2 57 319 
290 368 2 65 303 
291 362 2 64 298 
292 368 2 40 328 
293 358 2 39 319 
294 376 2 18 358 
295 384 2 12 372 
296 360 2 36 324 
297 332 2 24 308 
298 330 2 25 305 
299 308 2 118 190 
300 368 2 96 272 
301 358 2 27 331 
302 320 2 29 291 
303 382 2 47 335 
304 338 2 70 268 
305 384 2 181 203 
306 334 2 137 197 
307 366 2 93 273 
308 358 2 18 340 
309 376 2 80 296 
310 382 2 29 353 
311 306 2 84 222 
312 358 2 34 324 
313 364 2 32 332 
314 368 2 65 303 
315 376 2 51 325 
316 368 2 57 311 
317 382 2 28 354 
318 366 2 40 326 
319 370 2 39 331 
320 318 2 18 300 
321 320 2 24 296 
322 364 2 111 253 
323 346 2 14 332 
324 380 2 32 348 
325 300 2 18 282 
326 376 2 29 347 
327 342 2 9 333 
328 384 2 65 319 
329 346 2 51 295 
330 368 2 76 292 
331 368 2 72 296 
332 350 2 40 310 
333 378 2 39 339 
334 378 2 39 339 
335 380 2 133 247 
336 376 2 34 342 
337 360 2 16 344 
338 378 2 181 197 
339 342 2 26 316 
340 380 2 16 364 
341 370 2 22 348 
342 372 2 98 274 
343 346 2 20 326 
344 376 2 30 346 
345 322 2 24 298 
346 382 2 25 357 
347 380 2 16 364 
348 358 2 40 318 
349 374 2 16 358 
350 378 2 22 356 
351 380 2 40 340 
352 374 2 178 196 
353 380 2 24 356 
354 376 2 35 341 
355 370 2 137 233 
356 314 2 60 254 
357 378 2 24 354 
358 378 2 96 282 
359 352 2 144 208 
360 374 2 36 338 
361 374 2 78 296 
362 382 2 23 359 
363 384 2 71 313 
364 328 2 156 172 
365 368 2 23 345 
366 314 2 31 283 
367 340 2 28 312 
368 370 2 50 320 
369 362 2 41 321 
370 366 2 33 333 
371 380 2 17 363 
372 324 2 48 276 
373 374 2 41 333 
374 330 2 62 268 
375 372 2 65 307 
376 378 2 27 351 
377 310 2 67 243 
378 374 2 14 360 
379 362 2 18 344 
380 328 2 79 249 
381 376 2 79 297 
382 354 2 40 314 
383 370 2 33 337 
384 360 2 33 327 
385 374 2 38 336 
386 362 2 165 197 
387 346 2 24 322 
388 366 2 70 296 
389 378 2 51 327 
390 376 2 20 356 
391 360 2 30 330 
392 308 2 27 281 
393 350 2 17 333 
394 372 2 138 234 
395 368 2 26 342 
396 366 2 35 331 
397 370 2 98 272 
398 376 2 26 350 
399 358 2 27 331 
400 358 2 14 344 
401 356 2 28 328 
402 380 2 112 268 
403 362 2 29 333 
404 368 2 183 185 
405 348 2 29 319 
406 374 2 47 327 
407 382 2 61 321 
408 286 2 12 274 
409 372 2 37 335 
410 352 2 34 318 
411 354 2 20 334 
412 378 2 54 324 
413 370 2 35 335 
414 366 2 87 279 
415 376 2 63 313 
416 344 2 162 182 
417 378 2 39 339 
418 364 2 45 319 
419 350 2 29 321 
420 376 2 135 241 
421 374 2 83 291 
422 368 2 103 265 
423 376 2 83 293 
424 324 2 123 201 
425 360 2 36 324 
426 368 2 157 211 
427 338 2 19 319 
428 370 2 26 344 
429 352 2 36 316 
430 378 2 56 322 
431 376 2 25 351 
432 376 2 81 295 
433 358 2 33 325 
434 344 2 52 292 
435 330 2 25 305 
436 380 2 53 327 
437 356 2 115 241 
438 358 2 12 346 
439 302 2 35 267 
440 350 2 35 315 
441 378 2 53 325 
442 360 2 141 219 
443 360 2 111 249 
444 326 2 28 298 
445 380 2 116 264 
446 346 2 73 273 
447 336 2 170 166 
448 296 2 19 277 
449 378 2 49 329 
450 370 2 36 334 
451 352 2 42 310 
452 378 2 13 365 
453 372 2 20 352 
454 338 2 48 290 
455 382 2 28 354 
456 364 2 22 342 
457 358 2 17 341 
458 380 2 15 365 
459 322 2 17 305 
460 370 2 13 357 
461 348 2 12 336 
462 362 2 176 186 
463 376 2 101 275 
464 368 2 19 349 
465 354 2 162 192 
466 370 2 80 290 
467 374 2 192 182 
468 366 2 144 222 
469 374 2 26 348 
470 380 2 49 331 
471 374 2 48 326 
472 340 2 81 259 
473 362 2 53 309 
474 348 2 25 323 
475 372 2 47 325 
476 374 2 59 315 
477 380 2 39 341 
478 370 2 34 336 
479 384 2 35 349 
480 374 2 48 326 
481 374 2 104 270 
482 376 2 37 339 
483 374 2 25 349 
484 366 2 29 337 
485 336 2 18 318 
486 330 2 30 300 
487 376 2 25 351 
488 336 2 25 311 
489 368 2 84 284 
490 368 2 177 191 
491 364 2 14 350 
492 360 2 56 304 
493 368 2 27 341 
494 378 2 31 347 
495 374 2 180 194 
496 322 2 11 311 
497 350 2 22 328 
498 348 2 21 327 
499 346 2 50 296 
500 366 2 36 330 
501 356 2 126 230 
502 362 2 25 337 
503 340 2 165 175 
504 344 2 42 302 
505 344 2 40 304 
506 372 2 11 361 
507 330 2 19 311 
508 356 2 34 322 
509 356 2 39 317 
510 378 2 36 342 
511 370 2 36 334 
512 352 2 23 329 
513 346 2 54 292 
514 370 2 28 342 
515 374 2 139 235 
516 372 2 120 252 
517 366 2 45 321 
518 370 2 80 290 
519 358 2 23 335 
520 288 2 12 276 
521 318 2 35 283 
522 320 2 33 287 
523 350 2 21 329 
524 318 2 31 287 
525 316 2 22 294 
526 358 2 44 314 
527 352 2 96 256 
528 380 2 114 266 
529 358 2 60 298 
530 334 2 23 311 
531 322 2 152 170 
532 336 2 49 287 
533 368 2 125 243 
534 354 2 18 336 
535 380 2 21 359 
536 322 2 40 282 
537 378 2 60 318 
538 364 2 35 329 
539 372 2 62 310 
540 380 2 141 239 
541 370 2 25 345 
542 372 2 34 338 
543 338 2 18 320 
544 346 2 47 299 
545 366 2 29 337 
546 360 2 156 204 
547 370 2 43 327 
548 366 2 111 255 
549 366 2 130 236 
550 376 2 16 360 
551 342 2 23 319 
552 358 2 32 326 
553 378 2 27 351 
554 340 2 104 236 
555 384 2 31 353 
556 382 2 51 331 
557 376 2 153 223 
558 382 2 31 351 
559 314 2 62 252 
560 372 2 35 337 
561 380 2 66 314 
562 356 2 71 285 
563 366 2 134 232 
564 380 2 38 342 
565 318 2 17 301 
566 312 2 94 218 
567 344 2 70 274 
568 352 2 36 316 
569 352 2 36 316 
570 346 2 23 323 
571 374 2 24 350 
572 354 2 30 324 
573 368 2 19 349 
574 368 2 17 351 
575 368 2 35 333 
576 348 2 38 310 
577 320 2 22 298 
578 370 2 29 341 
579 376 2 127 249 
580 368 2 157 211 
581 382 2 71 311 
582 378 2 35 343 
583 362 2 162 200 
584 364 2 18 346 
585 368 2 21 347 
586 328 2 25 303 
587 340 2 56 284 
588 380 2 26 354 
589 376 2 17 359 
590 340 2 16 324 
591 378 2 18 360 
592 374 2 55 319 
593 376 2 18 358 
594 376 2 17 359 
595 376 2 42 334 
596 364 2 46 318 
597 342 2 22 320 
598 312 2 19 293 
599 378 2 24 354 
600 370 2 22 348 
601 322 2 124 198 
602 378 2 57 321 
603 376 2 42 334 
604 320 2 17 303 
605 378 2 162 216 
606 366 2 27 339 
607 366 2 34 332 
608 372 2 62 310 
609 362 2 87 275 
610 366 2 19 347 
611 370 2 26 344 
612 372 2 25 347 
613 358 2 11 347 
614 368 2 23 345 
615 382 2 74 308 
616 380 2 24 356 
617 348 2 122 226 
618 360 2 148 212 
619 332 2 169 163 
620 370 2 43 327 
621 376 2 91 285 
622 382 2 43 339 
623 326 2 23 303 
624 378 2 21 357 
625 344 2 30 314 
626 372 2 24 348 
627 362 2 32 330 
628 318 2 15 303 
629 370 2 157 213 
630 370 2 157 213 
631 378 2 84 294 
632 380 2 67 313 
633 340 2 28 312 
634 364 2 20 344 
635 368 2 35 333 
636 356 2 89 267 
637 368 2 115 253 
638 368 2 115 253 
639 376 2 186 190 
640 364 2 20 344 
641 364 2 20 344 
642 332 2 31 301 
643 304 2 9 295 
644 358 2 77 281 
645 328 2 21 307 
646 378 2 40 338 
647 312 2 24 288 
648 380 2 32 348 
649 374 2 98 276 
650 374 2 93 281 
651 324 2 17 307 
652 360 2 18 342 
653 384 2 26 358 
654 362 2 83 279 
655 352 2 67 285 
656 352 2 104 248 
657 334 2 78 256 
658 362 2 15 347 
659 356 2 18 338 
660 354 2 18 336 
661 378 2 9 369 
662 294 2 28 266 
663 376 2 28 348 
664 372 2 25 347 
665 364 2 180 184 
666 374 2 28 346 
667 342 2 24 318 
668 362 2 90 272 
669 334 2 17 317 
670 374 2 130 244 
671 320 2 19 301 
672 384 2 35 349 
673 342 2 41 301 
674 344 2 25 319 
675 342 2 61 281 
676 326 2 79 247 
677 326 2 14 312 
678 346 2 95 251 
679 382 2 28 354 
680 336 2 17 319 
681 366 2 21 345 
682 380 2 32 348 
683 380 2 50 330 
684 342 2 51 291 
685 352 2 34 318 
686 326 2 88 238 
687 330 2 11 319 
688 300 2 25 275 
689 302 2 35 267 
690 332 2 23 309 
691 332 2 25 307 
692 372 2 46 326 
693 370 2 36 334 
694 356 2 63 293 
695 358 2 86 272 
696 330 2 120 210 
697 354 2 16 338 
698 376 2 124 252 
699 334 2 39 295 
700 360 2 31 329 
701 314 2 34 280 
702 350 2 68 282 
703 382 2 29 353 
704 328 2 25 303 
705 372 2 22 350 
706 332 2 65 267 
707 342 2 153 189 
708 344 2 33 311 
709 364 2 40 324 
710 320 2 16 304 
711 378 2 64 314 
712 334 2 23 311 
713 378 2 37 341 
714 382 2 123 259 
715 356 2 152 204 
716 332 2 55 277 
717 336 2 147 189 
718 338 2 155 183 
719 316 2 19 297 
720 352 2 22 330 
721 284 2 34 250 
722 360 2 24 336 
723 368 2 38 330 
724 372 2 202 170 
725 368 2 77 291 
726 350 2 72 278 
727 326 2 62 264 
728 326 2 39 287 
729 344 2 21 323 
730 376 2 69 307 
731 372 2 89 283 
732 360 2 31 329 
733 368 2 69 299 
734 350 2 21 329 
735 314 2 21 293 
736 334 2 37 297 
737 380 2 40 340 
738 366 2 153 213 
739 378 2 124 254 
740 370 2 32 338 
741 370 2 46 324 
742 344 2 63 281 
743 342 2 122 220 
744 332 2 27 305 
745 376 2 40 336 
746 380 2 49 331 
747 356 2 38 318 
748 344 2 126 218 
749 376 2 60 316 
750 322 2 40 282 
751 370 2 25 345 
752 346 2 114 232 
753 376 2 119 257 
754 372 2 33 339 
755 366 2 57 309 
756 338 2 78 260 
757 332 2 62 270 
758 338 2 19 319 
759 334 2 34 300 
760 360 2 39 321 
761 376 2 51 325 
762 316 2 33 283 
763 320 2 31 289 
764 366 2 20 346 
765 382 2 48 334 
766 374 2 76 298 
767 360 2 82 278 
768 376 2 23 353 
769 378 2 24 354 
770 312 2 22 290 
771 320 2 25 295 
772 320 2 73 247 
773 366 2 126 240 
774 342 2 17 325 
775 364 2 53 311 
776 334 2 19 315 
777 332 2 37 295 
778 370 2 70 300 
779 358 2 22 336 
780 380 2 87 293 
781 368 2 49 319 
782 340 2 61 279 
783 368 2 66 302 
784 360 2 24 336 
785 330 2 45 285 
786 366 2 39 327 
787 362 2 24 338 
788 374 2 19 355 
789 350 2 42 308 
790 348 2 73 275 
791 370 2 51 319 
792 302 2 40 262 
793 382 2 49 333 
794 346 2 25 321 
795 368 2 39 329 
796 370 2 19 351 
797 378 2 32 346 
798 350 2 35 315 
799 378 2 31 347 
800 324 2 20 304 
801 374 2 22 352 
802 376 2 45 331 
803 378 2 74 304 
804 356 2 119 237 
805 364 2 57 307 
806 364 2 34 330 
807 358 2 38 320 
808 342 2 46 296 
809 340 2 25 315 
810 340 2 28 312 
811 378 2 32 346 
812 334 2 34 300 
813 352 2 88 264 
814 348 2 118 230 
815 348 2 38 310 
816 366 2 90 276 
817 372 2 16 356 
818 376 2 27 349 
819 360 2 39 321 
820 334 2 13 321 
821 372 2 39 333 
822 340 2 25 315 
823 376 2 67 309 
824 326 2 35 291 
825 372 2 123 249 
826 362 2 38 324 
827 326 2 122 204 
828 338 2 44 294 
829 380 2 163 217 
830 368 2 60 308 
831 324 2 37 287 
832 330 2 23 307 
833 370 2 57 313 
834 330 2 122 208 
835 338 2 14 324 
836 334 2 25 309 
837 382 2 7 375 
838 382 2 30 352 
839 376 2 70 306 
840 380 2 30 350 
841 376 2 24 352 
842 342 2 20 322 
843 352 2 22 330 
844 374 2 22 352 
845 358 2 35 323 
846 338 2 46 292 
847 372 2 42 330 
848 316 2 12 304 
849 378 2 22 356 
850 346 2 32 314 
851 344 2 19 325 
852 310 2 78 232 
853 364 2 55 309 
854 356 2 83 273 
855 340 2 29 311 
856 342 2 29 313 
857 360 2 31 329 
858 352 2 22 330 
859 350 2 9 341 
860 326 2 159 167 
861 308 2 33 275 
862 334 2 56 278 
863 372 2 23 349 
864 344 2 25 319 
865 346 2 21 325 
866 346 2 21 325 
867 346 2 162 184 
868 362 2 25 337 
869 362 2 25 337 
870 326 2 86 240 
871 360 2 62 298 
872 366 2 32 334 
873 366 2 59 307 
874 334 2 15 319 
875 324 2 30 294 
876 306 2 22 284 
877 382 2 30 352 
878 342 2 124 218 
879 362 2 30 332 
880 330 2 52 278 
881 356 2 156 200 
882 352 2 185 167 
883 304 2 64 240 
884 378 2 40 338 
885 374 2 56 318 
886 374 2 55 319 
887 332 2 72 260 
888 336 2 27 309 
889 344 2 52 292 
890 346 2 43 303 
891 344 2 49 295 
892 344 2 50 294 
893 368 2 74 294 
894 360 2 24 336 
895 356 2 157 199 
896 370 2 39 331 
897 354 2 82 272 
898 366 2 145 221 
899 350 2 40 310 
900 374 2 30 344 
901 376 2 47 329 
902 378 2 155 223 
903 336 2 62 274 
904 350 2 60 290 
905 348 2 65 283 
906 372 2 20 352 
907 372 2 25 347 
908 380 2 62 318 
909 332 2 50 282 
910 350 2 64 286 
911 326 2 21 305 
912 328 2 26 302 
913 284 2 16 268 
914 374 2 35 339 
915 368 2 33 335 
916 368 2 33 335 
917 328 2 148 180 
918 364 2 71 293 
919 302 2 18 284 
920 382 2 27 355 
921 372 2 72 300 
922 372 2 53 319 
923 332 2 39 293 
924 350 2 36 314 
925 360 2 20 340 
926 340 2 31 309 
927 344 2 22 322 
928 374 2 17 357 
929 374 2 23 351 
930 356 2 34 322 
931 350 2 136 214 
932 360 2 43 317 
933 368 2 46 322 
934 314 2 26 288 
935 318 2 122 196 
936 318 2 114 204 
937 368 2 49 319 
938 356 2 25 331 
939 360 2 43 317 
940 362 2 147 215 
941 364 2 26 338 
942 364 2 102 262 
943 370 2 69 301 
944 346 2 26 320 
945 380 2 18 362 
946 380 2 18 362 
947 372 2 22 350 
948 380 2 40 340 
949 374 2 33 341 
950 364 2 36 328 
951 380 2 10 370 
952 374 2 108 266 
953 370 2 24 346 
954 370 2 64 306 
955 376 2 25 351 
956 366 2 76 290 
957 346 2 24 322 
958 344 2 159 185 
959 378 2 19 359 
960 374 2 51 323 
961 376 2 42 334 
962 368 2 120 248 
963 288 2 30 258 
964 370 2 7 363 
965 328 2 31 297 
966 344 2 30 314 
967 356 2 36 320 
968 380 2 12 368 
969 346 2 35 311 
970 334 2 31 303 
971 350 2 16 334 
972 338 2 35 303 
973 376 2 19 357 
974 364 2 56 308 
975 326 2 20 306 
976 330 2 24 306 
977 328 2 25 303 
978 324 2 26 298 
979 362 2 82 280 
980 378 2 25 353 
981 380 2 47 333 
982 382 2 36 346 
983 370 2 124 246 
984 368 2 134 234 
985 362 2 25 337 
986 352 2 33 319 
987 360 2 56 304 
988 346 2 35 311 
989 358 2 123 235 
990 332 2 47 285 
991 324 2 16 308 
992 350 2 40 310 
993 322 2 17 305 
994 320 2 11 309 
995 344 2 20 324 
996 344 2 69 275 
997 358 2 98 260 
998 358 2 65 293 
999 332 2 135 197 
1000 326 2 152 174 
1001 342 2 170 172 
1002 310 2 28 282 
1003 364 2 154 210 
1004 368 2 35 333 
1005 358 2 25 333 
1006 326 2 56 270 
1007 330 2 77 253 
1008 370 2 18 352 
1009 352 2 33 319 
1010 374 2 41 333 
1011 316 2 134 182 
1012 328 2 45 283 
1013 330 2 38 292 
1014 346 2 25 321 
1015 330 2 106 224 
1016 364 2 17 347 
1017 334 2 58 276 
1018 332 2 12 320 
1019 346 2 18 328 
1020 336 2 53 283 
1021 340 2 60 280 
1022 364 2 81 283 
1023 330 2 23 307 
1024 364 2 22 342 
1025 316 2 17 299 
1026 344 2 93 251 
1027 358 2 24 334 
1028 342 2 34 308 
1029 312 2 126 186 
1030 334 2 23 311 
1031 344 2 46 298 
1032 346 2 161 185 
1033 364 2 37 327 
1034 282 2 56 226 
1035 284 2 67 217 
1036 328 2 31 297 
1037 328 2 29 299 
1038 356 2 17 339 
1039 336 2 27 309 
1040 354 2 173 181 
1041 368 2 93 275 
1042 334 2 13 321 
1043 328 2 91 237 
1044 358 2 20 338 
1045 316 2 31 285 
1046 312 2 39 273 
1047 368 2 40 328 
1048 356 2 44 312 
1049 312 2 58 254 
1050 354 2 36 318 
1051 366 2 143 223 
1052 366 2 70 296 
1053 332 2 25 307 
1054 322 2 33 289 
1055 374 2 75 299 
1056 360 2 55 305 
1057 322 2 51 271 
1058 304 2 89 215 
1059 332 2 121 211 
1060 348 2 87 261 
1061 326 2 48 278 
1062 310 2 49 261 
1063 348 2 161 187 
1064 348 2 57 291 
1065 344 2 15 329 
1066 330 2 50 280 
1067 344 2 69 275 
1068 298 2 69 229 
1069 300 2 32 268 
1070 332 2 23 309 
1071 366 2 146 220 
1072 310 2 135 175 
1073 308 2 134 174 
1074 342 2 17 325 
1075 368 2 22 346 
1076 374 2 18 356 
1077 374 2 18 356 
1078 368 2 14 354 
1079 324 2 46 278 
1080 356 2 68 288 
1081 356 2 68 288 
1082 318 2 23 295 
1083 350 2 37 313 
1084 326 2 21 305 
1085 324 2 29 295 
1086 338 2 18 320 
1087 376 2 63 313 
1088 344 2 37 307 
1089 334 2 23 311 
1090 342 2 47 295 
1091 340 2 26 314 
1092 346 2 95 251 
1093 328 2 36 292 
1094 356 2 29 327 
1095 312 2 33 279 
1096 342 2 20 322 
1097 342 2 157 185 
1098 370 2 85 285 
1099 318 2 54 264 
1100 292 2 22 270 
1101 350 2 27 323 
1102 294 2 25 269 
1103 372 2 19 353 
1104 374 2 32 342 
1105 336 2 43 293 
1106 336 2 17 319 
1107 336 2 8 328 
1108 310 2 17 293 
1109 318 2 43 275 
1110 326 2 103 223 
1111 358 2 55 303 
1112 372 2 121 251 
1113 322 2 29 293 
1114 310 2 35 275 
1115 354 2 32 322 
1116 312 2 56 256 
1117 326 2 31 295 
1118 328 2 24 304 
1119 344 2 68 276 
1120 328 2 81 247 
1121 330 2 24 306 
1122 360 2 21 339 
1123 316 2 146 170 
1124 352 2 34 318 
1125 302 2 92 210 
1126 364 2 45 319 
1127 330 2 62 268 
1128 362 2 22 340 
1129 336 2 23 313 
1130 336 2 24 312 
1131 346 2 104 242 
1132 332 2 35 297 
1133 322 2 57 265 
1134 372 2 13 359 
1135 334 2 49 285 
1136 350 2 25 325 
1137 354 2 35 319 
1138 340 2 61 279 
1139 358 2 33 325 
1140 338 2 106 232 
1141 340 2 27 313 
1142 376 2 43 333 
1143 374 2 62 312 
1144 346 2 155 191 
1145 322 2 71 251 
1146 346 2 83 263 
1147 354 2 122 232 
1148 354 2 18 336 
1149 344 2 46 298 
1150 342 2 78 264 
1151 302 2 69 233 
1152 372 2 98 274 
1153 310 2 90 220 
1154 360 2 78 282 
1155 344 2 23 321 
1156 340 2 120 220 
1157 320 2 32 288 
1158 324 2 32 292 
1159 326 2 124 202 
1160 338 2 34 304 
1161 322 2 11 311 
1162 374 2 71 303 
1163 306 2 25 281 
1164 374 2 28 346 
1165 356 2 20 336 
1166 346 2 22 324 
1167 346 2 22 324 
1168 322 2 38 284 
1169 374 2 32 342 
1170 346 2 16 330 
1171 346 2 16 330 
1172 340 2 86 254 
1173 312 2 21 291 
1174 312 2 21 291 
1175 318 2 12 306 
1176 334 2 158 176 
1177 348 2 62 286 
1178 344 2 86 258 
1179 372 2 135 237 
1180 326 2 26 300 
1181 342 2 11 331 
1182 334 2 34 300 
1183 330 2 151 179 
1184 360 2 104 256 
1185 362 2 105 257 
1186 288 2 140 148 
1187 328 2 19 309 
1188 372 2 132 240 
1189 370 2 24 346 
1190 352 2 16 336 
1191 348 2 41 307 
1192 378 2 115 263 
1193 378 2 115 263 
1194 332 2 101 231 
1195 350 2 63 287 
1196 356 2 105 251 
1197 334 2 107 227 
1198 324 2 64 260 
1199 328 2 38 290 
1200 354 2 46 308 
1201 370 2 66 304 
1202 374 2 89 285 
1203 338 2 67 271 
1204 366 2 24 342 
1205 360 2 14 346 
1206 342 2 42 300 
1207 322 2 78 244 
1208 354 2 62 292 
1209 318 2 65 253 
1210 336 2 110 226 
1211 356 2 23 333 
1212 350 2 31 319 
1213 338 2 124 214 
1214 362 2 78 284 
1215 316 2 30 286 
1216 316 2 30 286 
1217 334 2 33 301 
1218 334 2 22 312 
1219 308 2 18 290 
1220 358 2 50 308 
1221 356 2 154 202 
1222 326 2 47 279 
1223 348 2 50 298 
1224 304 2 23 281 
1225 354 2 78 276 
1226 364 2 136 228 
1227 362 2 27 335 
1228 372 2 29 343 
1229 354 2 39 315 
1230 332 2 48 284 
1231 330 2 73 257 
1232 330 2 73 257 
1233 338 2 37 301 
1234 352 2 145 207 
1235 330 2 36 294 
1236 366 2 87 279 
1237 324 2 106 218 
1238 332 2 44 288 
1239 322 2 28 294 
1240 372 2 32 340 
1241 346 2 58 288 
1242 346 2 81 265 
1243 304 2 16 288 
1244 360 2 80 280 
1245 338 2 22 316 
1246 364 2 23 341 
1247 370 2 58 312 
1248 356 2 67 289 
1249 334 2 117 217 
1250 296 2 26 270 
1251 354 2 22 332 
1252 350 2 18 332 
1253 338 2 14 324 
1254 310 2 20 290 
1255 358 2 45 313 
1256 340 2 30 310 
1257 348 2 22 326 
1258 354 2 20 334 
1259 374 2 123 251 
1260 344 2 25 319 
1261 370 2 81 289 
1262 366 2 22 344 
1263 322 2 21 301 
1264 340 2 112 228 
1265 340 2 14 326 
1266 350 2 21 329 
1267 374 2 125 249 
1268 334 2 21 313 
1269 360 2 35 325 
1270 346 2 17 329 
1271 360 2 37 323 
1272 316 2 38 278 
1273 310 2 105 205 
1274 344 2 57 287 
1275 356 2 31 325 
1276 302 2 50 252 
1277 348 2 35 313 
1278 344 2 26 318 
1279 366 2 161 205 
1280 368 2 178 190 
1281 368 2 29 339 
1282 306 2 59 247 
1283 334 2 25 309 
1284 370 2 50 320 
1285 362 2 44 318 
1286 354 2 23 331 
1287 344 2 108 236 
1288 336 2 12 324 
1289 336 2 22 314 
1290 322 2 14 308 
1291 360 2 24 336 
1292 352 2 19 333 
1293 364 2 65 299 
1294 338 2 26 312 
1295 314 2 32 282 
1296 350 2 25 325 
1297 332 2 74 258 
1298 366 2 33 333 
1299 340 2 108 232 
1300 346 2 79 267 
1301 368 2 17 351 
1302 352 2 24 328 
1303 352 2 24 328 
1304 312 2 19 293 
1305 370 2 43 327 
1306 348 2 21 327 
1307 374 2 31 343 
1308 312 2 110 202 
1309 342 2 39 303 
1310 340 2 66 274 
1311 352 2 96 256 
1312 368 2 39 329 
1313 368 2 25 343 
1314 340 2 18 322 
1315 320 2 28 292 
1316 334 2 38 296 
1317 374 2 25 349 
1318 330 2 110 220 
1319 334 2 26 308 
1320 344 2 54 290 
1321 346 2 43 303 
1322 360 2 70 290 
1323 326 2 34 292 
1324 370 2 66 304 
1325 354 2 62 292 
1326 356 2 197 159 
1327 330 2 22 308 
1328 358 2 19 339 
1329 374 2 56 318 
1330 348 2 24 324 
1331 364 2 89 275 
1332 366 2 72 294 
1333 330 2 37 293 
1334 360 2 38 322 
1335 358 2 43 315 
1336 328 2 82 246 
1337 376 2 43 333 
1338 354 2 13 341 
1339 372 2 39 333 
1340 328 2 21 307 
1341 334 2 41 293 
1342 332 2 25 307 
1343 316 2 27 289 
1344 316 2 109 207 
1345 318 2 35 283 
1346 368 2 165 203 
1347 376 2 25 351 
1348 346 2 31 315 
1349 366 2 15 351 
1350 366 2 15 351 
1351 330 2 35 295 
1352 326 2 54 272 
1353 322 2 177 145 
1354 356 2 28 328 
1355 322 2 51 271 
1356 322 2 51 271 
1357 354 2 24 330 
1358 356 2 19 337 
1359 356 2 13 343 
1360 346 2 20 326 
1361 350 2 9 341 
1362 366 2 23 343 
1363 360 2 32 328 
1364 308 2 25 283 
1365 338 2 19 319 
1366 344 2 163 181 
1367 342 2 31 311 
1368 356 2 14 342 
1369 346 2 29 317 
1370 336 2 24 312 
1371 334 2 110 224 
1372 366 2 40 326 
1373 316 2 142 174 
1374 316 2 60 256 
1375 364 2 26 338 
1376 358 2 42 316 
1377 328 2 28 300 
1378 328 2 39 289 
1379 314 2 29 285 
1380 300 2 28 272 
1381 364 2 18 346 
1382 364 2 27 337 
1383 340 2 140 200 
1384 342 2 140 202 
1385 328 2 48 280 
1386 366 2 166 200 
1387 366 2 22 344 
1388 338 2 30 308 
1389 328 2 46 282 
1390 296 2 35 261 
1391 310 2 20 290 
1392 364 2 74 290 
1393 344 2 23 321 
1394 356 2 60 296 
1395 328 2 27 301 
1396 350 2 6 344 
1397 364 2 18 346 
1398 354 2 62 292 
1399 342 2 24 318 
1400 334 2 19 315 
1401 328 2 33 295 
1402 338 2 141 197 
1403 364 2 157 207 
1404 334 2 42 292 
1405 330 2 41 289 
1406 338 2 61 277 
1407 336 2 34 302 
1408 360 2 27 333 
1409 334 2 22 312 
1410 358 2 33 325 
1411 322 2 108 214 
1412 330 2 71 259 
1413 330 2 36 294 
1414 358 2 11 347 
1415 338 2 21 317 
1416 364 2 17 347 
1417 304 2 22 282 
1418 302 2 11 291 
1419 338 2 146 192 
1420 314 2 32 282 
1421 338 2 21 317 
1422 356 2 36 320 
1423 340 2 16 324 
1424 370 2 21 349 
1425 312 2 29 283 
1426 300 2 62 238 
1427 298 2 61 237 
1428 348 2 29 319 
1429 358 2 12 346 
1430 350 2 132 218 
1431 306 2 31 275 
1432 330 2 37 293 
1433 330 2 37 293 
1434 334 2 33 301 
1435 372 2 33 339 
1436 344 2 16 328 
1437 310 2 17 293 
1438 322 2 20 302 
1439 354 2 34 320 
1440 356 2 116 240 
1441 354 2 26 328 
1442 316 2 42 274 
1443 328 2 22 306 
1444 348 2 135 213 
1445 310 2 25 285 
1446 304 2 61 243 
1447 318 2 76 242 
1448 342 2 26 316 
1449 362 2 50 312 
1450 364 2 22 342 
1451 308 2 33 275 
1452 358 2 58 300 
1453 312 2 22 290 
1454 330 2 41 289 
1455 314 2 46 268 
1456 316 2 23 293 
1457 372 2 101 271 
1458 356 2 122 234 
1459 340 2 19 321 
1460 332 2 35 297 
1461 332 2 18 314 
1462 372 2 24 348 
1463 348 2 64 284 
1464 350 2 22 328 
1465 366 2 64 302 
1466 334 2 108 226 
1467 322 2 27 295 
1468 330 2 27 303 
1469 320 2 64 256 
1470 328 2 81 247 
1471 358 2 109 249 
1472 320 2 38 282 
1473 362 2 19 343 
1474 358 2 157 201 
1475 370 2 20 350 
1476 340 2 29 311 
1477 332 2 67 265 
1478 352 2 97 255 
1479 342 2 25 317 
1480 328 2 23 305 
1481 344 2 24 320 
1482 328 2 22 306 
1483 328 2 148 180 
1484 328 2 149 179 
1485 344 2 59 285 
1486 352 2 113 239 
1487 366 2 36 330 
1488 332 2 27 305 
1489 326 2 85 241 
1490 358 2 74 284 
1491 338 2 31 307 
1492 338 2 36 302 
1493 344 2 50 294 
1494 330 2 24 306 
1495 338 2 87 251 
1496 320 2 24 296 
1497 338 2 27 311 
1498 352 2 169 183 
1499 344 2 24 320 
1500 326 2 17 309 
1501 338 2 23 315 
1502 336 2 9 327 
1503 366 2 23 343 
1504 342 2 51 291 
1505 352 2 17 335 
1506 356 2 26 330 
1507 340 2 22 318 
1508 372 2 34 338 
1509 364 2 137 227 
1510 352 2 42 310 
1511 338 2 152 186 
1512 348 2 25 323 
1513 344 2 28 316 
1514 368 2 39 329 
1515 376 2 90 286 
1516 342 2 38 304 
1517 322 2 145 177 
1518 350 2 33 317 
1519 350 2 13 337 
1520 338 2 122 216 
1521 340 2 124 216 
1522 370 2 23 347 
1523 334 2 162 172 
1524 342 2 23 319 
1525 366 2 44 322 
1526 342 2 162 180 
1527 326 2 27 299 
1528 376 2 32 344 
1529 316 2 16 300 
1530 312 2 26 286 
1531 340 2 9 331 
1532 352 2 56 296 
1533 306 2 13 293 
1534 306 2 24 282 
1535 332 2 28 304 
1536 372 2 50 322 
1537 350 2 25 325 
1538 366 2 17 349 
1539 362 2 30 332 
1540 336 2 25 311 
1541 334 2 81 253 
1542 368 2 16 352 
1543 330 2 11 319 
1544 336 2 64 272 
1545 348 2 106 242 
1546 328 2 147 181 
1547 360 2 40 320 
1548 322 2 55 267 
1549 320 2 56 264 
1550 354 2 112 242 
1551 350 2 34 316 
1552 346 2 50 296 
1553 312 2 50 262 
1554 366 2 43 323 
1555 332 2 24 308 
1556 312 2 117 195 
1557 312 2 16 296 
1558 314 2 139 175 
1559 310 2 22 288 
1560 326 2 79 247 
1561 346 2 13 333 
1562 366 2 34 332 
1563 370 2 25 345 
1564 318 2 27 291 
1565 354 2 55 299 
1566 360 2 70 290 
1567 360 2 69 291 
1568 346 2 17 329 
1569 356 2 109 247 
1570 342 2 123 219 
1571 326 2 113 213 
1572 326 2 113 213 
1573 376 2 55 321 
1574 348 2 118 230 
1575 370 2 27 343 
1576 370 2 30 340 
1577 322 2 12 310 
1578 324 2 26 298 
1579 372 2 23 349 
1580 312 2 47 265 
1581 352 2 13 339 
1582 372 2 27 345 
1583 322 2 103 219 
1584 352 2 19 333 
1585 308 2 81 227 
1586 336 2 16 320 
1587 358 2 15 343 
1588 360 2 21 339 
1589 358 2 21 337 
1590 342 2 22 320 
1591 370 2 145 225 
1592 324 2 20 304 
1593 356 2 63 293 
1594 348 2 96 252 
1595 326 2 17 309 
1596 328 2 134 194 
1597 330 2 23 307 
1598 352 2 32 320 
1599 362 2 57 305 
1600 344 2 121 223 
1601 358 2 82 276 
1602 372 2 178 194 
1603 348 2 11 337 
1604 326 2 96 230 
1605 306 2 19 287 
1606 304 2 24 280 
1607 344 2 53 291 
1608 352 2 71 281 
1609 324 2 40 284 
1610 346 2 26 320 
1611 328 2 25 303 
1612 298 2 12 286 
1613 324 2 14 310 
1614 358 2 26 332 
1615 336 2 36 300 
1616 358 2 17 341 
1617 336 2 14 322 
1618 336 2 36 300 
1619 366 2 170 196 
1620 372 2 76 296 
1621 348 2 32 316 
1622 328 2 22 306 
1623 310 2 21 289 
1624 346 2 96 250 
1625 354 2 22 332 
1626 318 2 21 297 
1627 318 2 21 297 
1628 354 2 154 200 
1629 336 2 37 299 
1630 358 2 47 311 
1631 314 2 21 293 
1632 338 2 23 315 
1633 338 2 24 314 
1634 364 2 107 257 
1635 370 2 38 332 
1636 318 2 13 305 
1637 368 2 32 336 
1638 348 2 74 274 
1639 354 2 26 328 
1640 356 2 37 319 
1641 340 2 45 295 
1642 342 2 28 314 
1643 328 2 21 307 
1644 364 2 160 204 
1645 336 2 15 321 
1646 326 2 151 175 
1647 326 2 62 264 
1648 342 2 19 323 
1649 344 2 32 312 
1650 368 2 28 340 
1651 334 2 75 259 
1652 338 2 24 314 
1653 336 2 16 320 
1654 312 2 24 288 
1655 336 2 24 312 
1656 352 2 30 322 
1657 306 2 97 209 
1658 368 2 110 258 
1659 366 2 23 343 
1660 314 2 29 285 
1661 350 2 17 333 
1662 348 2 53 295 
1663 370 2 66 304 
1664 362 2 99 263 
1665 370 2 60 310 
1666 350 2 33 317 
1667 350 2 38 312 
1668 330 2 31 299 
1669 350 2 29 321 
1670 316 2 23 293 
1671 348 2 9 339 
1672 324 2 13 311 
1673 338 2 31 307 
1674 328 2 16 312 
1675 324 2 54 270 
1676 326 2 43 283 
1677 316 2 27 289 
1678 358 2 27 331 
1679 310 2 19 291 
1680 378 2 46 332 
1681 358 2 9 349 
1682 366 2 91 275 
1683 330 2 63 267 
1684 378 2 27 351 
1685 336 2 21 315 
1686 360 2 20 340 
1687 364 2 122 242 
1688 364 2 54 310 
1689 366 2 52 314 
1690 362 2 184 178 
1691 364 2 17 347 
1692 354 2 19 335 
1693 336 2 44 292 
1694 370 2 67 303 
1695 372 2 22 350 
1696 368 2 26 342 
1697 348 2 18 330 
1698 356 2 85 271 
1699 348 2 49 299 
1700 300 2 20 280 
1701 348 2 96 252 
1702 354 2 35 319 
1703 358 2 46 312 
1704 358 2 90 268 
1705 368 2 160 208 
1706 380 2 28 352 
1707 360 2 26 334 
1708 354 2 35 319 
1709 314 2 109 205 
1710 378 2 51 327 
1711 338 2 27 311 
1712 336 2 69 267 
1713 346 2 17 329 
1714 378 2 28 350 
1715 324 2 57 267 
1716 358 2 45 313 
1717 340 2 14 326 
1718 360 2 37 323 
1719 380 2 17 363 
1720 362 2 33 329 
1721 354 2 22 332 
1722 316 2 49 267 
1723 380 2 111 269 
1724 338 2 33 305 
1725 326 2 15 311 
1726 364 2 22 342 
1727 380 2 37 343 
1728 358 2 59 299 
1729 358 2 59 299 
1730 352 2 48 304 
1731 330 2 90 240 
1732 384 2 32 352 
1733 354 2 46 308 
1734 346 2 74 272 
1735 330 2 21 309 
1736 308 2 21 287 
1737 308 2 21 287 
1738 358 2 39 319 
1739 364 2 35 329 
1740 370 2 43 327 
1741 294 2 40 254 
1742 382 2 31 351 
1743 336 2 15 321 
1744 342 2 18 324 
1745 332 2 21 311 
1746 370 2 31 339 
1747 354 2 21 333 
1748 358 2 21 337 
1749 354 2 147 207 
1750 336 2 35 301 
1751 302 2 53 249 
1752 372 2 54 318 
1753 362 2 129 233 
1754 360 2 52 308 
1755 326 2 17 309 
1756 356 2 144 212 
1757 328 2 17 311 
1758 346 2 49 297 
1759 370 2 37 333 
1760 356 2 48 308 
1761 356 2 110 246 
1762 356 2 23 333 
1763 314 2 82 232 
1764 322 2 75 247 
1765 346 2 39 307 
1766 372 2 47 325 
1767 366 2 46 320 
1768 368 2 15 353 
1769 338 2 30 308 
1770 358 2 36 322 
1771 354 2 27 327 
1772 364 2 57 307 
1773 364 2 57 307 
1774 354 2 77 277 
1775 308 2 47 261 
1776 344 2 33 311 
1777 352 2 51 301 
1778 374 2 30 344 
1779 342 2 28 314 
1780 320 2 35 285 
1781 354 2 19 335 
1782 340 2 37 303 
1783 352 2 25 327 
1784 360 2 173 187 
1785 338 2 50 288 
1786 378 2 45 333 
1787 358 2 24 334 
1788 356 2 19 337 
1789 350 2 41 309 
1790 350 2 24 326 
1791 340 2 43 297 
1792 344 2 42 302 
1793 354 2 70 284 
1794 366 2 32 334 
1795 338 2 104 234 
1796 326 2 86 240 
1797 352 2 83 269 
1798 350 2 83 267 
1799 338 2 67 271 
1800 352 2 117 235 
1801 330 2 36 294 
1802 376 2 82 294 
1803 308 2 20 288 
1804 362 2 55 307 
1805 372 2 24 348 
1806 374 2 25 349 
1807 364 2 27 337 
1808 380 2 19 361 
1809 372 2 53 319 
1810 368 2 129 239 
1811 370 2 28 342 
1812 370 2 69 301 
1813 348 2 97 251 
1814 356 2 24 332 
1815 382 2 50 332 
1816 356 2 15 341 
1817 348 2 180 168 
1818 348 2 37 311 
1819 368 2 33 335 
1820 368 2 28 340 
1821 372 2 26 346 
1822 364 2 24 340 
1823 324 2 96 228 
1824 322 2 79 243 
1825 356 2 54 302 
1826 346 2 38 308 
1827 350 2 60 290 
1828 330 2 64 266 
1829 368 2 90 278 
1830 318 2 20 298 
1831 338 2 114 224 
1832 308 2 21 287 
1833 366 2 107 259 
1834 368 2 130 238 
1835 370 2 36 334 
1836 334 2 164 170 
1837 338 2 87 251 
1838 324 2 21 303 
1839 372 2 62 310 
1840 366 2 17 349 
1841 336 2 142 194 
1842 328 2 112 216 
1843 358 2 30 328 
1844 358 2 19 339 
1845 360 2 149 211 
1846 342 2 26 316 
1847 306 2 23 283 
1848 322 2 57 265 
1849 352 2 23 329 
1850 340 2 86 254 
1851 364 2 36 328 
1852 356 2 18 338 
1853 366 2 107 259 
1854 310 2 26 284 
1855 320 2 27 293 
1856 330 2 155 175 
1857 328 2 21 307 
1858 372 2 65 307 
1859 364 2 42 322 
1860 370 2 19 351 
1861 362 2 14 348 
1862 316 2 18 298 
1863 356 2 15 341 
1864 340 2 46 294 
1865 332 2 154 178 
1866 300 2 39 261 
1867 286 2 32 254 
1868 354 2 17 337 
1869 356 2 12 344 
1870 362 2 26 336 
1871 350 2 10 340 
1872 336 2 13 323 
1873 338 2 14 324 
1874 364 2 25 339 
1875 356 2 31 325 
1876 338 2 24 314 
1877 354 2 39 315 
1878 360 2 156 204 
1879 334 2 12 322 
1880 376 2 47 329 
1881 368 2 152 216 
1882 364 2 21 343 
1883 358 2 31 327 
1884 364 2 18 346 
1885 346 2 19 327 
1886 368 2 26 342 
1887 374 2 90 284 
1888 330 2 13 317 
1889 348 2 99 249 
1890 340 2 27 313 
1891 366 2 57 309 
1892 358 2 54 304 
1893 328 2 15 313 
1894 326 2 25 301 
1895 292 2 158 134 
1896 358 2 65 293 
1897 356 2 47 309 
1898 306 2 34 272 
1899 358 2 66 292 
1900 358 2 29 329 
1901 368 2 26 342 
1902 330 2 61 269 
1903 318 2 48 270 
1904 314 2 52 262 
1905 328 2 103 225 
1906 372 2 26 346 
1907 360 2 39 321 
1908 346 2 23 323 
1909 358 2 33 325 
1910 362 2 53 309 
1911 358 2 91 267 
1912 354 2 12 342 
1913 342 2 20 322 
1914 364 2 50 314 
1915 344 2 37 307 
1916 330 2 19 311 
1917 356 2 25 331 
1918 368 2 24 344 
1919 360 2 31 329 
1920 350 2 123 227 
1921 346 2 20 326 
1922 348 2 21 327 
1923 350 2 45 305 
1924 338 2 30 308 
1925 364 2 184 180 
1926 344 2 33 311 
1927 356 2 81 275 
1928 380 2 42 338 
1929 326 2 52 274 
1930 364 2 74 290 
1931 356 2 18 338 
1932 348 2 38 310 
1933 318 2 25 293 
1934 336 2 38 298 
1935 306 2 32 274 
1936 340 2 37 303 
1937 358 2 37 321 
1938 350 2 53 297 
1939 330 2 15 315 
1940 350 2 20 330 
1941 328 2 23 305 
1942 328 2 37 291 
1943 344 2 18 326 
1944 320 2 26 294 
1945 368 2 35 333 
1946 352 2 62 290 
1947 366 2 83 283 
1948 338 2 104 234 
1949 372 2 34 338 
1950 346 2 15 331 
1951 362 2 35 327 
1952 314 2 137 177 
1953 314 2 136 178 
1954 340 2 12 328 
1955 356 2 33 323 
1956 352 2 127 225 
1957 350 2 16 334 
1958 324 2 61 263 
1959 334 2 27 307 
1960 322 2 86 236 
1961 322 2 94 228 
1962 316 2 43 273 
1963 312 2 46 266 
1964 360 2 18 342 
1965 366 2 60 306 
1966 366 2 22 344 
1967 334 2 114 220 
1968 296 2 25 271 
1969 366 2 27 339 
1970 356 2 18 338 
1971 314 2 40 274 
1972 322 2 63 259 
1973 360 2 18 342 
1974 346 2 32 314 
1975 298 2 45 253 
1976 336 2 80 256 
1977 334 2 68 266 
1978 326 2 123 203 
1979 356 2 163 193 
1980 356 2 156 200 
1981 308 2 34 274 
1982 306 2 22 284 
1983 340 2 28 312 

