20
114
193
38
146
56
66
6
145
113
226
55
187
58
111
34
69
76
32
191
87
53
24
43
229
16
105
34
75
46
18
163
28
186
57
49
176
114
65
100
147
100
165
88
62
132
42
40
31
177
37
162
139
51
22
128
158
12
144
29
17
61
32
135
65
97
203
19
129
39
170
156
112
95
197
83
31
92
160
34
160
121
178
74
209
49
152
77
12
13
130
59
48
104
159
197
64
106
37
58
74
133
24
85
204
35
168
63
142
23
97
82
94
65
146
17
161
190
165
26
136
193
61
7
139
61
165
90
59
15
23
155
56
146
187
84
157
184
77
66
31
140
58
164
119
14
135
145
151
8
135
183
81
182
23
135
48
66
7
136
132
87
206
82
188
211
11
71
107
36
133
71
6
46
161
139
77
52
99
49
106
49
45
74
6
114
118
153
176
84
9
155
143
157
10
178
190
54
128
11
151
7
160
128
68
64
38
162
33
134
205
183
29
111
10
74
28
39
167
102
45
79
147
60
114
81
182
30
145
146
37
150
64
42
229
106
43
158
129
86
200
92
81
143
110
89
6
112
51
204
137
169
8
168
64
233
154
134
30
102
33
110
105
46
7
162
61
81
233
179
170
129
146
67
185
205
223
74
78
19
139
166
126
139
138
36
138
133
63
166
121
22
136
38
117
79
58
59
22
20
174
39
115
130
163
159
48
179
121
49
128
148
158
118
68
112
23
174
25
157
98
128
143
19
147
29
45
54
119
44
166
77
10
122
123
77
35
100
136
23
12
13
209
127
198
6
18
53
130
162
91
139
75
32
14
146
75
107
12
23
97
222
164
87
44
92
119
136
174
182
14
92
197
180
150
29
60
100
32
8
64
148
82
108
147
94
200
79
14
153
147
137
97
71
123
167
43
50
48
156
152
124
235
7
69
38
6
78
19
91
44
153
73
9
106
50
169
172
53
78
58
176
166
116
139
54
112
94
118
166
69
171
191
88
54
117
139
56
35
72
74
99
108
10
17
215
45
205
29
83
23
105
36
195
158
109
78
122
152
54
189
109
169
67
22
142
31
26
104
45
28
158
193
108
78
137
124
98
58
12
9
110
88
81
58
26
25
29
169
100
97
49
55
135
24
66
20
133
138
28
55
16
59
22
138
17
100
161
68
119
165
20
149
111
28
154
173
131
154
56
11
182
167
40
50
114
37
17
24
86
193
28
92
97
88
5
84
54
184
86
12
149
94
188
89
11
109
22
126
131
148
24
94
8
132
85
31
152
20
16
46
151
74
139
6
155
173
85
193
29
100
144
52
32
133
110
66
81
99
57
15
142
76
160
65
83
20
24
139
110
98
127
68
53
34
71
237
188
73
53
128
8
155
32
101
144
140
90
27
141
24
147
10
143
31
148
83
151
19
82
102
17
152
29
11
127
11
136
16
163
77
89
128
126
38
193
16
117
32
79
34
33
154
71
109
125
211
102
41
176
155
140
110
156
143
84
159
155
47
191
31
150
117
9
76
90
78
19
7
174
17
67
6
48
209
10
14
30
137
209
28
136
149
41
136
180
238
67
79
53
175
12
126
34
109
112
136
35
109
110
20
82
26
128
109
6
48
163
21
236
107
20
95
174
185
25
42
177
12
81
18
117
78
50
153
43
163
17
148
102
55
74
75
192
38
69
93
62
109
12
119
11
124
70
17
119
75
19
137
153
49
77
175
173
119
157
39
227
46
153
62
21
137
36
12
183
13
72
82
172
66
180
70
203
26
23
139
58
21
161
50
199
56
16
190
60
111
110
52
102
96
138
125
149
19
88
30
199
18
178
122
25
10
150
64
204
83
84
89
206
22
43
48
30
56
137
166
32
204
83
136
78
30
98
136
176
87
81
117
24
102
35
56
157
166
129
11
103
39
102
51
100
131
18
148
163
69
41
82
19
10
132
61
237
29
142
103
74
213
55
73
28
90
230
40
153
57
41
97
114
158
9
127
134
121
138
70
78
133
95
73
177
194
174
52
171
15
136
141
42
15
126
45
22
174
28
19
67
51
61
150
18
55
51
167
155
29
190
129
28
131
146
117
189
6
129
235
10
73
23
116
79
134
73
32
11
224
18
102
92
20
27
213
75
16
130
201
29
238
101
131
41
43
11
93
83
128
125
78
10
6
88
9
14
118
182
79
204
102
112
54
47
28
88
89
179
91
135
56
25
32
93
38
56
106
200
56
191
98
26
161
79
158
148
12
159
44
76
61
15
52
66
7
201
70
75
52
159
6
57
133
53
99
34
129
35
81
184
147
145
50
84
7
92
182
30
27
161
8
63
95
72
26
169
90
69
124
32
79
236
109
211
74
91
207
57
171
199
141
86
53
181
15
9
140
38
32
67
7
112
7
128
184
172
125
166
112
32
217
49
88
133
34
141
63
167
216
21
206
21
166
91
200
44
120
46
187
37
25
39
151
16
25
88
71
206
84
109
135
91
72
210
85
163
45
46
170
101
15
25
35
128
81
80
16
124
130
18
11
89
66
71
26
176
104
10
40
165
71
88
213
32
51
35
65
53
60
136
155
201
40
158
66
25
146
53
50
106
177
69
196
166
78
106
140
64
12
144
223
13
132
83
114
83
40
7
30
193
89
40
114
178
23
12
15
31
153
36
14
100
231
103
69
176
95
156
47
192
190
155
47
42
176
17
118
76
6
79
125
48
198
31
136
147
22
108
94
51
174
150
98
156
92
71
72
161
168
105
84
121
58
41
145
96
7
113
161
85
171
26
13
33
106
56
147
90
64
137
80
21
9
123
157
150
154
46
72
83
81
81
65
174
70
109
86
43
107
61
184
52
38
105
130
18
7
211
74
71
129
65
37
144
176
120
154
122
52
174
131
60
43
8
156
145
172
90
30
176
6
120
199
152
20
121
40
42
147
35
234
25
79
154
97
150
164
18
213
66
66
107
62
17
173
42
144
56
151
194
25
180
98
61
128
210
49
89
22
34
53
23
28
137
33
113
93
91
39
162
59
49
47
155
66
48
157
91
100
104
18
184
33
187
168
18
181
78
24
65
57
167
46
78
193
169
66
185
26
162
65
201
23
135
112
109
88
135
131
49
13
130
101
112
30
219
8
165
83
192
115
28
33
51
94
206
188
27
128
231
215
180
9
104
41
127
64
171
140
49
78
228
56
48
30
86
194
82
209
124
116
145
48
19
174
115
192
70
24
224
129
192
223
65
96
101
179
38
211
139
64
94
143
32
143
32
15
144
120
141
69
65
180
192
194
24
21
195
72
45
29
163
223
113
198
175
31
107
41
29
235
51
48
148
104
20
32
28
245
39
7
109
118
92
58
214
130
102
25
73
87
88
229
112
53
197
103
167
86
175
64
46
26
149
59
80
194
119
204
57
23
186
114
126
56
193
83
104
146
106
113
185
81
130
184
85
133
183
11
116
21
12
126
55
77
12
72
129
225
37
8
137
132
198
14
126
177
89
17
160
154
125
226
231
54
209
73
120
218
59
165
68
224
120
73
62
146
41
147
34
22
202
18
128
47
18
48
21
127
62
135
159
16
200
99
83
33
147
133
36
28
16
20
153
138
118
34
73
180
131
171
200
162
57
55
194
211
60
197
81
182
200
166
65
98
129
79
22
40
200
237
155
127
113
135
183
120
32
17
108
42
142
170
53
66
133
78
65
211
117
74
104
53
63
173
121
72
210
82
26
22
156
17
154
10
64
7
89
98
48
151
68
191
32
206
151
15
23
62
124
104
191
44
164
52
12
80
23
137
163
189
27
98
145
170
29
15
121
205
57
6
12
63
73
51
48
128
176
24
35
139
6
107
40
54
45
47
142
148
184
88
52
69
139
25
128
72
95
106
26
109
21
28
155
77
132
42
65
13
8
65
138
124
127
90
93
171
104
48
23
151
102
28
22
78
25
50
35
157
82
179
22
146
69
25
148
54
60
80
182
15
62
171
68
123
113
137
92
69
128
35
142
59
42
20
164
73
55
20
13
65
89
43
55
175
186
154
168
27
128
17
166
93
198
22
146
95
31
44
45
50
203
175
81
28
54
69
121
21
168
96
105
167
99
39
36
141
100
43
47
100
118
60
47
217
30
90
85
80
230
46
158
101
105
34
135
143
81
66
147
74
83
146
171
127
47
52
35
176
122
121
56
18
191
14
95
27
8
139
11
115
42
73
32
74
143
29
59
171
32
43
149
67
161
10
56
101
114
15
34
146
6
12
86
7
86
38
108
57
38
100
34
29
69
30
148
121
133
35
145
93
131
97
172
16
127
98
31
149
127
156
41
6
38
35
196
134
78
77
84
19
73
126
69
110
149
10
144
90
121
114
90
47
165
76
15
143
174
144
148
38
19
37
53
84
20
27
14
164
52
49
15
35
162
116
127
14
50
80
15
52
98
155
8
200
188
20
85
69
108
53
119
79
211
41
37
23
164
177
133
19
161
137
63
45
12
6
77
129
34
29
132
40
178
138
