Parameter	pair	nloci	nMissLoc	MissTotProp	shareMissLoc	loci.mismatches	unshareMissLoc	loci.error.rate	n.loci.woNA	allele.mismatches	allele.error.rate
todos_snps_limpios.recode.vcf	AMP05_NNAPNA-AMP05r_NNAPNA	2514	462	0.183770883054893	93	369	0.798701298701299	0.146778042959427	2052	174	0.0847953216374269
todos_snps_limpios.recode.vcf	AMP08_NNAPNA-AMP08r_NNAPNA	2514	319	0.126889419252188	21	298	0.934169278996865	0.118536197295147	2195	274	0.124829157175399
todos_snps_limpios.recode.vcf	B103_N11P34-B103r_N11P34	2514	230	0.0914876690533015	41	189	0.821739130434783	0.0751789976133652	2284	13	0.00569176882661997
todos_snps_limpios.recode.vcf	CA10_N04TAF-CA10r_N04TAF	2514	590	0.234685759745426	54	536	0.908474576271186	0.213206046141607	1924	202	0.104989604989605
todos_snps_limpios.recode.vcf	CC26_N04TAF-CC26r_N04TAF	2514	95	0.037788385043755	15	80	0.842105263157895	0.0318217979315831	2419	8	0.00330715171558495
todos_snps_limpios.recode.vcf	F101_N9P32-F101r_N9P32	2514	105	0.0417661097852029	22	83	0.79047619047619	0.0330151153540175	2409	5	0.0020755500207555
todos_snps_limpios.recode.vcf	K11_N4P1-K11r_N4P1	2514	129	0.0513126491646778	22	107	0.829457364341085	0.0425616547334924	2385	17	0.00712788259958071
todos_snps_limpios.recode.vcf	M2_N5P9-M2r_N5P9	2514	64	0.0254574383452665	23	41	0.640625	0.0163086714399364	2450	4	0.00163265306122449
todos_snps_limpios.recode.vcf	PP4_NNAP1-PP4r_NNAP1	2514	223	0.088703261734288	31	192	0.860986547085202	0.0763723150357995	2291	7	0.00305543430816237
